Background Counts
A=1173595
C=271873
G=276739
T=1172998
N=400

Background Frequencies
A=0.4053
C=0.0947
G=0.0947
T=0.4053

Count Matrix:
-10 271 57 62 307 
-9 265 50 63 319 
-8 295 52 62 288 
-7 280 57 71 289 
-6 309 42 89 257 
-5 325 38 79 255 
-4 332 103 44 218 
-3 570 37 35 55 
-2 461 62 49 125 
-1 422 39 75 161 
0 697 0 0 0 
1 0 0 0 697 
2 0 0 697 0 
3 323 55 219 100 
4 352 106 101 138 
5 258 60 104 275 
6 314 62 181 140 
7 334 81 86 196 
8 251 76 107 263 
9 273 89 139 196 
10 290 97 83 227 

Frequency Matrix:
-10 0.3888 0.0818 0.0890 0.4405 
-9 0.3802 0.0717 0.0904 0.4577 
-8 0.4232 0.0746 0.0890 0.4132 
-7 0.4017 0.0818 0.1019 0.4146 
-6 0.4433 0.0603 0.1277 0.3687 
-5 0.4663 0.0545 0.1133 0.3659 
-4 0.4763 0.1478 0.0631 0.3128 
-3 0.8178 0.0531 0.0502 0.0789 
-2 0.6614 0.0890 0.0703 0.1793 
-1 0.6055 0.0560 0.1076 0.2310 
0 1.0000 0.0000 0.0000 0.0000 
1 0.0000 0.0000 0.0000 1.0000 
2 0.0000 0.0000 1.0000 0.0000 
3 0.4634 0.0789 0.3142 0.1435 
4 0.5050 0.1521 0.1449 0.1980 
5 0.3702 0.0861 0.1492 0.3945 
6 0.4505 0.0890 0.2597 0.2009 
7 0.4792 0.1162 0.1234 0.2812 
8 0.3601 0.1090 0.1535 0.3773 
9 0.3917 0.1277 0.1994 0.2812 
10 0.4161 0.1392 0.1191 0.3257 

Weight Matrix:
-10 -0.0598 -0.2123 -0.0910 0.1202 
-9 -0.0921 -0.4014 -0.0679 0.1755 
-8 0.0627 -0.3448 -0.0910 0.0280 
-7 -0.0126 -0.2123 0.1045 0.0330 
-6 0.1295 -0.6529 0.4305 -0.1363 
-5 0.2024 -0.7973 0.2586 -0.1476 
-4 0.2331 0.6413 -0.5858 -0.3737 
-3 1.0129 -0.8358 -0.9159 -2.3606 
-2 0.7067 -0.0910 -0.4305 -1.1761 
-1 0.5792 -0.7598 0.1836 -0.8110 
0 1.3031 -99.0000 -99.0000 -99.0000 
1 -99.0000 -99.0000 -99.0000 1.3031 
2 -99.0000 -99.0000 3.3998 -99.0000 
3 0.1935 -0.2638 1.7296 -1.4981 
4 0.3175 0.6827 0.6130 -1.0334 
5 -0.1307 -0.1383 0.6552 -0.0386 
6 0.1527 -0.0910 1.4546 -1.0126 
7 0.2418 0.2946 0.3811 -0.5272 
8 -0.1704 0.2027 0.6963 -0.1030 
9 -0.0492 0.4305 1.0737 -0.5272 
10 0.0380 0.5547 0.3298 -0.3154 

Max score: 17.3259716068

Score Histogram CDS:
lt-50 : 0
-3 1
-1 2
0 6
1 7
2 12
3 19
4 34
5 58
6 82
7 109
8 104
9 90
10 83
11 56
12 23
13 9
14 2



Score Histogram All
lt-50 : 5671949
-7 1
-6 3
-5 41
-4 325
-3 870
-2 2310
-1 4248
0 7934
1 11173
2 13571
3 15283
4 15946
5 14364
6 12240
7 9108
8 6078
9 3254
10 1559
11 671
12 198
13 32
14 8

Position List:
2776.0 0.0 11.6837
4076.0 0.0 10.0316
5519.0 0.0 10.6357
5566.0 0.0 10.8327
5884.0 0.0 11.7709
6062.0 0.0 10.2017
6335.0 0.0 11.2958
6400.0 0.0 10.6851
6574.0 0.0 11.7709
6641.0 0.0 10.9822
6752.0 0.0 10.2017
7090.0 0.0 10.6851
7361.0 0.0 10.2119
7669.0 0.0 10.8348
8405.0 0.0 10.2646
9130.0 0.0 10.8244
9297.0 0.0 11.2861
20240.0 0.0 10.8816
21467.0 0.0 11.5231
21851.0 0.0 12.5330
22071.0 0.0 11.3617
22651.0 0.0 11.5611
23425.0 0.0 10.8244
23922.0 0.0 11.8351
24081.0 0.0 11.0979
24257.0 0.0 11.0614
25033.0 0.0 10.1001
25216.0 0.0 10.1243
25488.0 0.0 11.1842
25562.0 0.0 10.5046
25644.0 0.0 10.0837
25725.0 0.0 11.2755
25903.0 0.0 12.1453
25927.0 0.0 10.4242
29667.0 0.0 10.1850
30749.0 0.0 10.1472
30823.0 0.0 10.1978
31984.0 0.0 10.9799
32188.0 0.0 11.4580
32264.0 0.0 10.4939
34676.0 0.0 10.0391
36066.0 0.0 10.4251
36510.0 0.0 10.3348
36687.0 0.0 10.1499
36753.0 0.0 12.6016
36998.0 0.0 10.5550
37506.0 0.0 10.7390
37993.0 0.0 10.4530
38338.0 0.0 10.2052
38511.0 0.0 12.2817
39300.0 0.0 10.0705
39353.0 0.0 10.0612
39373.0 0.0 13.1774
39578.0 0.0 11.3867
39612.0 0.0 11.4910
39747.0 0.0 10.6788
40062.0 0.0 10.1586
40419.0 0.0 10.4031
40920.0 0.0 10.3921
41142.0 0.0 10.4516
41762.0 0.0 12.2008
42447.0 0.0 11.5868
42968.0 0.0 10.2345
42992.0 0.0 10.8889
44845.0 0.0 12.7049
45638.0 0.0 10.1229
45878.0 0.0 10.0404
48757.0 0.0 10.4512
48831.0 0.0 10.1472
51200.0 0.0 10.0514
51919.0 0.0 10.1472
54211.0 0.0 10.1472
54886.0 0.0 10.6225
56568.0 0.0 11.3479
58021.0 0.0 11.7144
58525.0 0.0 10.0138
63252.0 0.0 11.0072
63295.0 0.0 10.8925
63328.0 0.0 12.3502
68218.0 0.0 12.0582
68726.0 0.0 12.0567
69176.0 0.0 10.2128
70297.0 0.0 11.0176
72846.0 0.0 11.0337
75403.0 0.0 11.9733
76583.0 0.0 10.7676
80430.0 0.0 10.2755
83274.0 0.0 10.3890
85749.0 0.0 10.4291
86223.0 0.0 10.8793
86522.0 0.0 10.3038
90598.0 0.0 11.6901
91704.0 0.0 11.5350
91778.0 0.0 12.2954
92381.0 0.0 10.2518
92613.0 0.0 10.5071
92803.0 0.0 10.5948
92870.0 0.0 10.8487
92970.0 0.0 10.2846
93152.0 0.0 10.2713
93349.0 0.0 10.0356
96992.0 0.0 10.7377
98231.0 0.0 10.7364
98368.0 0.0 10.2610
100178.0 0.0 10.3102
100380.0 0.0 10.9879
103161.0 0.0 10.3429
103786.0 0.0 11.8354
105450.0 0.0 10.2974
106099.0 0.0 10.5303
106360.0 0.0 10.3259
107030.0 0.0 10.6114
107454.0 0.0 10.7690
108066.0 0.0 10.6591
108198.0 0.0 10.3299
108353.0 0.0 11.2424
108537.0 0.0 11.2573
108974.0 0.0 10.7174
109526.0 0.0 10.0377
113918.0 0.0 10.6585
114248.0 0.0 12.5210
122596.0 0.0 11.3414
124309.0 0.0 10.0030
129954.0 0.0 10.1431
131012.0 0.0 10.1268
131226.0 0.0 10.6983
131288.0 0.0 10.9898
131644.0 0.0 10.4227
132358.0 0.0 10.3146
132658.0 0.0 11.5832
135479.0 0.0 10.2317
136085.0 0.0 10.0450
136955.0 0.0 11.5249
137257.0 0.0 10.5005
138259.0 0.0 10.0121
138415.0 0.0 11.0290
139533.0 0.0 10.0222
145376.0 0.0 10.5031
145431.0 0.0 10.7805
146261.0 0.0 10.8223
146474.0 0.0 12.6083
147917.0 0.0 10.9564
148322.0 0.0 12.2676
148329.0 0.0 10.3223
148821.0 0.0 10.7830
149228.0 0.0 10.1038
151837.0 0.0 13.1446
153778.0 0.0 10.2440
153808.0 0.0 11.4599
156151.0 0.0 10.2774
157829.0 0.0 10.2293
158943.0 0.0 10.4079
159906.0 0.0 11.7022
162863.0 0.0 10.2753
163951.0 0.0 12.1268
165085.0 0.0 11.4305
165165.0 0.0 10.9711
165604.0 0.0 11.3958
165987.0 0.0 10.8018
166240.0 0.0 10.7599
167905.0 0.0 12.3208
169339.0 0.0 10.0166
169977.0 0.0 11.2251
171434.0 0.0 10.0189
172157.0 0.0 12.4759
173488.0 0.0 11.1896
173597.0 0.0 10.3775
173687.0 0.0 12.5719
174198.0 0.0 11.6223
174356.0 0.0 10.2707
178363.0 0.0 11.0420
178985.0 0.0 12.2037
179000.0 0.0 10.4906
181514.0 0.0 11.4095
181658.0 0.0 10.3756
182668.0 0.0 11.0675
183497.0 0.0 11.4301
184355.0 0.0 10.7826
185622.0 0.0 10.0398
186156.0 0.0 10.2456
187558.0 0.0 10.1088
188328.0 0.0 10.6301
189198.0 0.0 10.2264
190023.0 0.0 10.4393
190188.0 0.0 10.6311
190230.0 0.0 10.4517
190268.0 0.0 10.7461
190360.0 0.0 10.7806
191073.0 0.0 12.1138
191758.0 0.0 10.1723
192683.0 0.0 12.2340
195739.0 0.0 12.7157
197745.0 0.0 10.9911
197889.0 0.0 11.2800
198350.0 0.0 10.4184
199659.0 0.0 10.0948
200303.0 0.0 12.7559
200321.0 0.0 10.2428
200339.0 0.0 10.2428
200357.0 0.0 11.6330
200375.0 0.0 10.2428
200393.0 0.0 11.1313
200955.0 0.0 11.6525
201495.0 0.0 10.9001
203079.0 0.0 10.6061
203304.0 0.0 10.1802
203355.0 0.0 12.2931
203769.0 0.0 10.6913
203928.0 0.0 10.0207
204572.0 0.0 10.8611
205563.0 0.0 10.4501
206093.0 0.0 11.1413
206649.0 0.0 10.1479
207129.0 0.0 10.8942
207602.0 0.0 11.0464
211746.0 0.0 11.2511
215210.0 0.0 12.4419
215771.0 0.0 11.0078
215969.0 0.0 10.4848
216804.0 0.0 10.1210
217825.0 0.0 11.4844
218599.0 0.0 10.4654
219261.0 0.0 10.9381
219733.0 0.0 10.0001
219888.0 0.0 10.8185
222681.0 0.0 10.0154
222995.0 0.0 10.6410
224006.0 0.0 10.1082
226292.0 0.0 12.0570
227280.0 0.0 10.0329
228308.0 0.0 10.1168
229792.0 0.0 11.0503
231307.0 0.0 11.4835
233256.0 0.0 10.2295
234649.0 0.0 13.4143
236283.0 0.0 12.4403
236637.0 0.0 10.1044
236982.0 0.0 10.6635
239990.0 0.0 11.5755
240483.0 0.0 12.0599
240637.0 0.0 12.4614
241484.0 0.0 10.5632
241810.0 0.0 12.6735
242196.0 0.0 11.9290
242558.0 0.0 10.7742
242694.0 0.0 10.6209
242721.0 0.0 10.1950
246415.0 0.0 11.6192
249269.0 0.0 11.0340
249582.0 0.0 10.7574
250469.0 0.0 11.7341
250842.0 0.0 10.7666
250899.0 0.0 10.5526
252656.0 0.0 10.7905
253098.0 0.0 10.2776
256718.0 0.0 10.0660
259727.0 0.0 10.5250
262248.0 0.0 10.9809
262448.0 0.0 10.3868
265128.0 0.0 10.3518
265395.0 0.0 11.2241
265464.0 0.0 11.3603
266385.0 0.0 10.2118
266672.0 0.0 10.9115
266868.0 0.0 10.2156
267384.0 0.0 13.4112
270033.0 0.0 10.7374
270424.0 0.0 10.3895
270650.0 0.0 11.7133
270779.0 0.0 12.4141
270939.0 0.0 11.4302
271020.0 0.0 11.7722
274134.0 0.0 11.2652
275216.0 0.0 10.4125
275758.0 0.0 10.4512
278111.0 0.0 10.3502
278246.0 0.0 10.8019
281041.0 0.0 11.9527
285231.0 0.0 10.7248
289739.0 0.0 12.1811
289905.0 0.0 10.1041
291018.0 0.0 10.1086
293634.0 0.0 11.5468
295938.0 0.0 10.9083
296588.0 0.0 12.3560
299382.0 0.0 10.1639
300106.0 0.0 10.1637
302538.0 0.0 10.5071
302558.0 0.0 10.6901
303699.0 0.0 10.4831
304746.0 0.0 10.3712
306069.0 0.0 10.3907
306849.0 0.0 10.2325
307277.0 0.0 10.3513
310169.0 0.0 10.9167
310971.0 0.0 11.6334
311739.0 0.0 10.6329
311811.0 0.0 12.1145
312053.0 0.0 10.9831
313835.0 0.0 10.3743
314982.0 0.0 11.2683
316266.0 0.0 10.1237
316986.0 0.0 10.4217
319884.0 0.0 12.6546
322074.0 0.0 10.2865
322325.0 0.0 10.5515
322688.0 0.0 10.4722
323846.0 0.0 11.3131
324036.0 0.0 10.8855
325247.0 0.0 11.5153
325979.0 0.0 11.6168
326508.0 0.0 10.6583
326574.0 0.0 14.3060
327348.0 0.0 10.6609
328096.0 0.0 11.4163
328310.0 0.0 10.0139
328402.0 0.0 12.7154
331057.0 0.0 10.1212
331988.0 0.0 10.5724
332729.0 0.0 11.0719
337466.0 0.0 10.6436
337588.0 0.0 10.3425
337720.0 0.0 10.8414
338161.0 0.0 10.1445
338273.0 0.0 10.1944
340348.0 0.0 11.5162
341524.0 0.0 10.1815
341683.0 0.0 10.1700
341751.0 0.0 11.2827
341826.0 0.0 10.9247
342856.0 0.0 11.2370
342916.0 0.0 10.0218
344557.0 0.0 12.6766
345347.0 0.0 10.0422
346123.0 0.0 10.4430
346213.0 0.0 10.5697
346937.0 0.0 10.0149
348166.0 0.0 11.7857
348302.0 0.0 10.0142
349134.0 0.0 11.5068
349808.0 0.0 10.2072
349928.0 0.0 10.0883
351455.0 0.0 10.8230
352479.0 0.0 11.4751
353343.0 0.0 10.7823
355942.0 0.0 10.3874
356679.0 0.0 10.5241
357114.0 0.0 10.4752
357195.0 0.0 10.8338
363642.0 0.0 10.1437
366617.0 0.0 10.7563
367133.0 0.0 10.0436
368800.0 0.0 11.1925
372463.0 0.0 11.5422
373111.0 0.0 11.2491
373808.0 0.0 10.3777
375515.0 0.0 10.0374
375549.0 0.0 10.8984
378015.0 0.0 12.1477
378512.0 0.0 10.3547
378926.0 0.0 10.5301
378941.0 0.0 12.6553
378984.0 0.0 10.8705
379002.0 0.0 11.0562
380951.0 0.0 10.4862
383333.0 0.0 10.9293
384220.0 0.0 11.0902
384267.0 0.0 10.5286
384677.0 0.0 10.0231
385192.0 0.0 11.2397
385246.0 0.0 10.1173
385303.0 0.0 10.4802
385345.0 0.0 13.7114
385707.0 0.0 10.1088
385741.0 0.0 10.7249
386184.0 0.0 10.4019
389095.0 0.0 11.1786
389098.0 0.0 12.2787
389772.0 0.0 10.0830
390274.0 0.0 10.5357
391291.0 0.0 10.8615
392435.0 0.0 11.2894
395997.0 0.0 10.0297
396684.0 0.0 10.7011
400163.0 0.0 10.7238
400194.0 0.0 10.5720
401725.0 0.0 10.6280
402299.0 0.0 11.9370
403077.0 0.0 10.1677
409469.0 0.0 10.3653
410996.0 0.0 10.9834
411070.0 0.0 11.9965
412805.0 0.0 10.4763
414354.0 0.0 10.3707
415537.0 0.0 11.1103
416752.0 0.0 10.2805
418621.0 0.0 10.0922
420377.0 0.0 11.3852
423469.0 0.0 10.7338
424745.0 0.0 10.4444
424947.0 0.0 10.4371
426218.0 0.0 10.1145
426524.0 0.0 10.3792
426982.0 0.0 10.7591
427938.0 0.0 10.3918
428822.0 0.0 11.2266
428921.0 0.0 10.1413
429844.0 0.0 10.4834
430116.0 0.0 10.9295
432440.0 0.0 11.3964
432617.0 0.0 10.8241
433225.0 0.0 11.9637
433648.0 0.0 11.6704
434905.0 0.0 10.3081
435334.0 0.0 10.5086
435398.0 0.0 11.8186
436334.0 0.0 11.0019
437682.0 0.0 10.2170
439704.0 0.0 11.8378
440467.0 0.0 10.2404
440516.0 0.0 11.0186
441029.0 0.0 10.4056
445836.0 0.0 10.5898
446019.0 0.0 11.5177
449109.0 0.0 10.3156
450618.0 0.0 10.0933
450764.0 0.0 10.1212
451051.0 0.0 10.8078
451584.0 0.0 10.4046
451902.0 0.0 10.9924
456098.0 0.0 10.2877
456439.0 0.0 10.3274
456737.0 0.0 10.7558
457415.0 0.0 10.2666
457542.0 0.0 10.7886
459179.0 0.0 10.3469
460077.0 0.0 10.0440
461094.0 0.0 10.2162
461896.0 0.0 11.0858
462476.0 0.0 10.3574
465204.0 0.0 12.0405
468468.0 0.0 10.6916
468571.0 0.0 10.6710
468639.0 0.0 10.9846
476163.0 0.0 11.7640
477714.0 0.0 10.8435
479417.0 0.0 10.0341
479946.0 0.0 10.4851
481010.0 0.0 10.1294
481910.0 0.0 11.4069
482766.0 0.0 10.4417
482957.0 0.0 10.0387
483431.0 0.0 10.4428
483766.0 0.0 10.1824
484563.0 0.0 10.7983
485158.0 0.0 10.1863
487713.0 0.0 10.8926
488839.0 0.0 11.3376
488998.0 0.0 11.7649
489749.0 0.0 10.8144
491526.0 0.0 10.2697
491811.0 0.0 11.1532
492577.0 0.0 10.0736
493004.0 0.0 10.0689
494262.0 0.0 10.0015
496255.0 0.0 10.4097
497258.0 0.0 10.1308
503588.0 0.0 10.3080
503820.0 0.0 10.0340
507670.0 0.0 11.3354
508102.0 0.0 10.6146
509934.0 0.0 10.0971
511139.0 0.0 10.2060
512040.0 0.0 10.1553
512360.0 0.0 11.5515
512512.0 0.0 10.4565
514165.0 0.0 10.6060
514187.0 0.0 12.1170
515833.0 0.0 11.9722
517333.0 0.0 12.6415
522888.0 0.0 10.7093
523457.0 0.0 10.2841
524002.0 0.0 10.7166
529482.0 0.0 10.4368
529879.0 0.0 11.4796
532343.0 0.0 10.5072
536554.0 0.0 11.1167
537182.0 0.0 11.5309
537478.0 0.0 10.8002
538652.0 0.0 10.7605
539345.0 0.0 11.3228
539477.0 0.0 11.5544
539734.0 0.0 10.3931
541907.0 0.0 10.4075
542767.0 0.0 10.6265
543332.0 0.0 10.7908
543469.0 0.0 10.1102
544961.0 0.0 10.9763
546238.0 0.0 11.3804
549119.0 0.0 12.3781
550734.0 0.0 10.2754
551088.0 0.0 10.0196
551434.0 0.0 10.4701
552353.0 0.0 10.6476
552490.0 0.0 10.2471
552906.0 0.0 10.9668
554372.0 0.0 11.2293
556935.0 0.0 10.5528
560655.0 0.0 10.6698
562184.0 0.0 10.3862
562906.0 0.0 10.5860
563193.0 0.0 10.0653
563232.0 0.0 10.7598
563460.0 0.0 10.3005
568918.0 0.0 10.8463
570580.0 0.0 10.1150
574921.0 0.0 10.8370
576159.0 0.0 11.0186
576309.0 0.0 10.5553
578858.0 0.0 11.4079
581088.0 0.0 11.4543
582073.0 0.0 10.5541
582213.0 0.0 10.2111
583633.0 0.0 10.6747
584038.0 0.0 10.0447
584426.0 0.0 10.6977
584992.0 0.0 10.4625
585091.0 0.0 12.5914
589045.0 0.0 10.2735
589057.0 0.0 11.2489
590105.0 0.0 10.8223
590267.0 0.0 10.5746
591392.0 0.0 10.3128
592767.0 0.0 10.5665
592919.0 0.0 10.0141
594866.0 0.0 10.3187
595026.0 0.0 11.1287
596669.0 0.0 10.5987
596909.0 0.0 10.3338
597935.0 0.0 10.4873
600576.0 0.0 10.1021
601619.0 0.0 10.2035
601757.0 0.0 11.3226
604437.0 0.0 10.4475
604742.0 0.0 10.0462
604917.0 0.0 10.1695
605180.0 0.0 10.6775
605472.0 0.0 10.5397
607501.0 0.0 10.9154
608453.0 0.0 10.0165
615334.0 0.0 11.8431
617551.0 0.0 10.9772
619530.0 0.0 11.3379
620885.0 0.0 10.0689
622078.0 0.0 10.0513
624750.0 0.0 10.6845
627278.0 0.0 11.1151
627326.0 0.0 10.4052
627882.0 0.0 10.1238
629679.0 0.0 12.1165
629987.0 0.0 11.0715
630089.0 0.0 11.3815
630646.0 0.0 11.0372
633058.0 0.0 11.4369
634552.0 0.0 11.0461
637014.0 0.0 12.8706
637604.0 0.0 10.3260
638573.0 0.0 10.8667
641767.0 0.0 11.5148
645417.0 0.0 10.9283
648454.0 0.0 10.0796
649559.0 0.0 10.3029
650040.0 0.0 10.7553
650093.0 0.0 10.5395
651354.0 0.0 10.1837
653136.0 0.0 10.3021
653937.0 0.0 10.2542
654040.0 0.0 11.4572
655563.0 0.0 10.1352
660640.0 0.0 10.7742
661008.0 0.0 10.1812
663943.0 0.0 10.1089
670624.0 0.0 11.4867
670973.0 0.0 10.9751
671140.0 0.0 10.6501
671278.0 0.0 11.2083
673919.0 0.0 11.1599
674193.0 0.0 10.1105
674240.0 0.0 11.6527
674852.0 0.0 12.0712
675711.0 0.0 10.3324
677459.0 0.0 10.4444
678093.0 0.0 10.1323
679193.0 0.0 12.0291
679298.0 0.0 10.0607
681979.0 0.0 11.8519
682046.0 0.0 12.5147
683286.0 0.0 10.3500
683541.0 0.0 10.1884
684168.0 0.0 10.3197
686009.0 0.0 10.9723
686955.0 0.0 10.8506
687058.0 0.0 11.0915
687654.0 0.0 10.6023
687772.0 0.0 10.6738
694057.0 0.0 11.3942
694583.0 0.0 10.1441
694792.0 0.0 10.8179
695769.0 0.0 10.1646
699413.0 0.0 10.5119
701998.0 0.0 10.1915
702274.0 0.0 12.0169
702847.0 0.0 10.1317
704352.0 0.0 11.1256
706645.0 0.0 11.0435
707954.0 0.0 10.0921
710178.0 0.0 10.5604
711729.0 0.0 10.9949
712146.0 0.0 12.7094
712484.0 0.0 10.0544
712693.0 0.0 11.8674
714048.0 0.0 12.6758
714070.0 0.0 10.0679
714436.0 0.0 11.0437
716175.0 0.0 10.5792
716622.0 0.0 12.5746
717786.0 0.0 12.7759
722162.0 0.0 11.8497
722285.0 0.0 10.6930
723434.0 0.0 11.0641
723522.0 0.0 10.4638
724385.0 0.0 14.9030
724389.0 0.0 10.3640
724955.0 0.0 10.7252
725276.0 0.0 11.4552
725546.0 0.0 10.9386
725619.0 0.0 10.6140
726045.0 0.0 11.0469
726057.0 0.0 10.4683
726729.0 0.0 10.9355
728215.0 0.0 10.1060
728535.0 0.0 10.3733
728646.0 0.0 12.0532
729512.0 0.0 11.7899
733552.0 0.0 10.2951
733653.0 0.0 12.7452
736774.0 0.0 12.1857
736850.0 0.0 10.3131
739154.0 0.0 11.9016
739626.0 0.0 12.5854
742219.0 0.0 10.2232
744168.0 0.0 11.5407
744471.0 0.0 10.8859
745051.0 0.0 10.4798
746683.0 0.0 10.0947
748475.0 0.0 10.5459
749276.0 0.0 11.3369
750327.0 0.0 10.0411
751071.0 0.0 10.3092
751651.0 0.0 11.7137
752358.0 0.0 10.8555
753192.0 0.0 10.0793
753880.0 0.0 10.9253
754111.0 0.0 10.3284
756884.0 0.0 10.4365
757190.0 0.0 10.5282
757456.0 0.0 11.4463
757483.0 0.0 11.0536
758233.0 0.0 10.1143
758756.0 0.0 11.2975
760251.0 0.0 11.1548
761072.0 0.0 11.3400
765604.0 0.0 10.1484
767948.0 0.0 10.1072
768112.0 0.0 10.2096
768138.0 0.0 11.5176
768422.0 0.0 11.2304
769184.0 0.0 10.2428
769405.0 0.0 10.0071
771382.0 0.0 10.5213
772646.0 0.0 10.5606
775499.0 0.0 10.5250
775596.0 0.0 11.3728
778601.0 0.0 10.2125
785309.0 0.0 10.1600
785857.0 0.0 10.0955
788651.0 0.0 12.3214
789840.0 0.0 11.5351
792486.0 0.0 10.9084
792636.0 0.0 10.0841
792886.0 0.0 10.9822
795188.0 0.0 11.7333
797141.0 0.0 10.6645
797156.0 0.0 10.1834
797566.0 0.0 11.5279
799263.0 0.0 10.5563
801384.0 0.0 10.5947
801913.0 0.0 10.2617
803614.0 0.0 10.1892
805385.0 0.0 10.9595
806117.0 0.0 11.8030
810608.0 0.0 10.0008
811258.0 0.0 11.1785
811666.0 0.0 10.5319
811690.0 0.0 10.3028
811822.0 0.0 10.0846
813723.0 0.0 10.4082
814027.0 0.0 11.4977
814111.0 0.0 11.6761
817960.0 0.0 10.8582
817975.0 0.0 12.9091
820473.0 0.0 12.5790
820782.0 0.0 12.7160
820942.0 0.0 11.5539
821092.0 0.0 10.5911
821392.0 0.0 10.0848
823742.0 0.0 10.2233
824745.0 0.0 10.4812
828199.0 0.0 10.5194
828708.0 0.0 10.5630
829214.0 0.0 10.8594
829428.0 0.0 11.2895
830109.0 0.0 10.0611
831192.0 0.0 11.7044
831377.0 0.0 10.1946
834278.0 0.0 10.5348
836230.0 0.0 12.2892
837139.0 0.0 11.1341
838508.0 0.0 10.6356
838802.0 0.0 10.3851
839491.0 0.0 10.5989
840668.0 0.0 10.5264
841166.0 0.0 10.8580
842661.0 0.0 12.9593
843840.0 0.0 10.0436
844337.0 0.0 10.2765
845247.0 0.0 11.8488
846238.0 0.0 10.8442
847291.0 0.0 11.8170
847568.0 0.0 11.1984
847916.0 0.0 10.0339
849863.0 0.0 10.0735
849996.0 0.0 10.9996
851113.0 0.0 11.1866
851297.0 0.0 12.8940
851988.0 0.0 10.0378
852237.0 0.0 10.9946
853287.0 0.0 11.4819
854374.0 0.0 10.3749
855901.0 0.0 10.0273
856191.0 0.0 10.5189
857538.0 0.0 11.3515
858145.0 0.0 10.0811
858264.0 0.0 10.0998
861457.0 0.0 10.9628
863679.0 0.0 11.9537
864270.0 0.0 10.2250
865112.0 0.0 10.6015
865755.0 0.0 10.5705
867150.0 0.0 11.5365
867206.0 0.0 10.7002
868841.0 0.0 12.1775
869115.0 0.0 11.2820
869550.0 0.0 11.2820
870026.0 0.0 11.2143
871793.0 0.0 11.5036
872868.0 0.0 11.2736
875466.0 0.0 13.3053
879822.0 0.0 10.5693
881400.0 0.0 10.0213
881562.0 0.0 10.1243
885076.0 0.0 10.2837
885474.0 0.0 10.0632
886465.0 0.0 10.0374
888996.0 0.0 11.9687
889463.0 0.0 11.4135
891662.0 0.0 11.1201
894983.0 0.0 10.2890
898943.0 0.0 10.3995
900671.0 0.0 10.1856
902584.0 0.0 12.6811
903011.0 0.0 10.1360
903020.0 0.0 10.6998
903932.0 0.0 11.0361
904018.0 0.0 12.2111
904540.0 0.0 10.4454
904700.0 0.0 10.2884
904703.0 0.0 10.0795
906611.0 0.0 10.0953
907481.0 0.0 10.7716
908704.0 0.0 11.5582
908899.0 0.0 10.2403
909390.0 0.0 10.8728
910047.0 0.0 10.2099
911981.0 0.0 10.7700
912050.0 0.0 10.1465
913848.0 0.0 12.8451
916297.0 0.0 11.6118
916561.0 0.0 10.9348
916568.0 0.0 12.4014
917413.0 0.0 10.4768
919639.0 0.0 10.5730
921739.0 0.0 10.0143
921911.0 0.0 11.7665
922241.0 0.0 10.1329
922907.0 0.0 10.0061
924427.0 0.0 10.4864
925295.0 0.0 10.5889
925568.0 0.0 10.1387
926405.0 0.0 10.0738
926570.0 0.0 10.7281
926603.0 0.0 10.7281
926926.0 0.0 11.0549
927806.0 0.0 11.3906
928020.0 0.0 10.1807
929431.0 0.0 10.1443
930830.0 0.0 10.2354
931587.0 0.0 11.1328
932589.0 0.0 10.0583
932921.0 0.0 11.5547
933274.0 0.0 10.1647
935826.0 0.0 10.0329
936398.0 0.0 10.7766
937590.0 0.0 10.9354
940286.0 0.0 12.5228
940316.0 0.0 11.6734
942107.0 0.0 11.1690
942145.0 0.0 11.5576
944094.0 0.0 10.1231
949293.0 0.0 12.1146
953939.0 0.0 10.7147
954307.0 0.0 10.5865
956095.0 0.0 10.9954
958658.0 0.0 11.1503
958700.0 0.0 10.0265
959236.0 0.0 11.4238
959745.0 0.0 10.5235
960769.0 0.0 11.3699
961414.0 0.0 11.0558
961656.0 0.0 10.9703
962304.0 0.0 10.2390
963376.0 0.0 13.3499
963984.0 0.0 10.2703
964358.0 0.0 10.6989
964871.0 0.0 11.4132
968024.0 0.0 10.1047
973237.0 0.0 10.5308
976462.0 0.0 10.9814
979166.0 0.0 10.2106
979360.0 0.0 10.3409
980546.0 0.0 10.5053
983672.0 0.0 10.5045
984484.0 0.0 12.0956
985522.0 0.0 10.3499
986338.0 0.0 11.3187
986876.0 0.0 10.4433
989118.0 0.0 12.7312
991453.0 0.0 11.8176
991670.0 0.0 10.2645
992674.0 0.0 10.0628
993612.0 0.0 10.6972
993623.0 0.0 10.1574
993787.0 0.0 11.1590
994899.0 0.0 10.2508
998921.0 0.0 10.0900
1000684.0 0.0 10.9983
1001241.0 0.0 11.7002
1001723.0 0.0 10.4212
1002206.0 0.0 10.5154
1003976.0 0.0 11.0064
1005155.0 0.0 10.4276
1005421.0 0.0 10.6728
1005555.0 0.0 11.2063
1006297.0 0.0 11.9570
1007328.0 0.0 10.2012
1007741.0 0.0 10.8025
1007885.0 0.0 12.9288
1008025.0 0.0 10.0558
1008040.0 0.0 10.0558
1008055.0 0.0 10.0558
1008070.0 0.0 10.0558
1008085.0 0.0 10.0558
1008100.0 0.0 10.0558
1009150.0 0.0 12.6441
1010110.0 0.0 10.3719
1010213.0 0.0 10.1267
1011827.0 0.0 10.8906
1013446.0 0.0 10.8515
1016814.0 0.0 10.0963
1017691.0 0.0 10.4351
1018571.0 0.0 10.1264
1019370.0 0.0 10.0579
1019533.0 0.0 11.0072
1020603.0 0.0 10.2483
1021744.0 0.0 11.6096
1024213.0 0.0 10.8574
1024850.0 0.0 11.3299
1025968.0 0.0 11.1929
1025982.0 0.0 10.4924
1025993.0 0.0 10.8367
1026313.0 0.0 14.5008
1028693.0 0.0 10.3140
1029277.0 0.0 11.5864
1030183.0 0.0 10.1164
1031169.0 0.0 10.1504
1032430.0 0.0 10.0211
1035848.0 0.0 10.5047
1038422.0 0.0 11.7594
1038732.0 0.0 11.4227
1039736.0 0.0 11.8001
1042093.0 0.0 11.0156
1042160.0 0.0 11.4113
1044991.0 0.0 10.5349
1045094.0 0.0 10.9803
1045724.0 0.0 12.8084
1045763.0 0.0 10.4759
1048893.0 0.0 10.4551
1049385.0 0.0 12.3400
1051116.0 0.0 11.5427
1051350.0 0.0 11.6596
1053074.0 0.0 11.6286
1053549.0 0.0 11.9192
1054049.0 0.0 10.1029
1054387.0 0.0 10.8857
1054506.0 0.0 10.6658
1055348.0 0.0 10.0021
1055385.0 0.0 10.8989
1055403.0 0.0 11.4889
1057201.0 0.0 12.0975
1060663.0 0.0 10.3375
1060669.0 0.0 10.1700
1063060.0 0.0 10.3487
1066160.0 0.0 10.0409
1067231.0 0.0 11.9414
1067298.0 0.0 10.3915
1068836.0 0.0 10.3827
1069621.0 0.0 11.0900
1069699.0 0.0 10.6283
1071329.0 0.0 10.2583
1071448.0 0.0 10.4525
1071839.0 0.0 10.8446
1072777.0 0.0 10.1931
1073681.0 0.0 10.1805
1074402.0 0.0 11.0324
1074981.0 0.0 10.1625
1075292.0 0.0 10.5490
1077223.0 0.0 10.3757
1078154.0 0.0 10.4028
1078220.0 0.0 10.4028
1078286.0 0.0 10.4028
1078319.0 0.0 10.0868
1081164.0 0.0 10.5805
1083494.0 0.0 10.4577
1084053.0 0.0 10.2552
1084569.0 0.0 12.3549
1084718.0 0.0 10.0603
1084761.0 0.0 10.5186
1085418.0 0.0 10.2269
1086168.0 0.0 11.5882
1087785.0 0.0 11.7731
1088728.0 0.0 11.2205
1088971.0 0.0 11.0618
1090449.0 0.0 11.6857
1092669.0 0.0 10.6322
1092689.0 0.0 10.4887
1094113.0 0.0 11.2496
1095416.0 0.0 11.3392
1096214.0 0.0 11.0181
1096356.0 0.0 10.9850
1097125.0 0.0 11.9317
1097592.0 0.0 10.1454
1098928.0 0.0 11.4176
1098931.0 0.0 11.4583
1098943.0 0.0 11.6030
1101012.0 0.0 11.8810
1101398.0 0.0 10.5256
1101488.0 0.0 10.2171
1102976.0 0.0 10.0845
1104504.0 0.0 11.5153
1105059.0 0.0 10.4053
1106416.0 0.0 12.0410
1108262.0 0.0 11.3417
1108860.0 0.0 12.4805
1110644.0 0.0 11.1486
1111076.0 0.0 11.4843
1113939.0 0.0 10.5727
1114185.0 0.0 10.0026
1114972.0 0.0 11.0209
1115652.0 0.0 11.3715
1116255.0 0.0 10.6528
1116720.0 0.0 11.8345
1116972.0 0.0 10.8284
1117776.0 0.0 10.2660
1119261.0 0.0 10.6919
1120205.0 0.0 11.4992
1120229.0 0.0 11.4751
1120253.0 0.0 11.4751
1120277.0 0.0 11.4751
1120316.0 0.0 11.2074
1120334.0 0.0 11.2074
1120443.0 0.0 10.2576
1121198.0 0.0 11.3375
1122090.0 0.0 11.4322
1125201.0 0.0 10.0921
1129137.0 0.0 11.7739
1129163.0 0.0 10.9648
1129581.0 0.0 10.2498
1130454.0 0.0 11.5252
1130487.0 0.0 11.7977
1131965.0 0.0 10.8042
1132203.0 0.0 10.0441
1133069.0 0.0 10.5421
1133102.0 0.0 11.7123
1133236.0 0.0 12.1451
1134333.0 0.0 12.0065
1134547.0 0.0 10.6715
1136281.0 0.0 10.1226
1138732.0 0.0 10.4762
1141084.0 0.0 10.8450
1142430.0 0.0 11.8097
1142433.0 0.0 10.7991
1143691.0 0.0 10.7259
1143697.0 0.0 10.1838
1144954.0 0.0 11.0776
1146973.0 0.0 10.6855
1148173.0 0.0 13.0195
1148275.0 0.0 11.6833
1148545.0 0.0 11.1595
1149129.0 0.0 10.6269
1149736.0 0.0 11.9209
1150624.0 0.0 11.7986
1154048.0 0.0 10.1092
1154607.0 0.0 10.5147
1155296.0 0.0 10.1828
1156321.0 0.0 11.3101
1156589.0 0.0 12.0618
1156645.0 0.0 10.6086
1158127.0 0.0 10.4283
1162966.0 0.0 10.2484
1163469.0 0.0 11.0442
1164244.0 0.0 11.9975
1167261.0 0.0 10.5434
1167926.0 0.0 10.6575
1174424.0 0.0 10.9029
1174901.0 0.0 10.8210
1175141.0 0.0 10.9915
1176056.0 0.0 10.1776
1176780.0 0.0 10.5942
1177186.0 0.0 13.2774
1181825.0 0.0 10.2543
1182712.0 0.0 12.1141
1182799.0 0.0 10.5391
1183862.0 0.0 11.5364
1184886.0 0.0 10.5700
1188702.0 0.0 10.9676
1188963.0 0.0 10.2749
1189019.0 0.0 10.9436
1189239.0 0.0 11.3437
1189440.0 0.0 10.2074
1192907.0 0.0 11.8928
1194232.0 0.0 10.2765
1195160.0 0.0 11.7768
1196633.0 0.0 10.4852
1197346.0 0.0 12.9731
1197644.0 0.0 10.8470
1198327.0 0.0 11.2908
1202003.0 0.0 11.1810
1202027.0 0.0 11.4586
1202041.0 0.0 10.8690
1203415.0 0.0 10.6150
1203491.0 0.0 10.8288
1204338.0 0.0 11.1442
1205349.0 0.0 10.2039
1207401.0 0.0 11.0760
1208467.0 0.0 10.0699
1208537.0 0.0 12.4868
1209916.0 0.0 10.4079
1211973.0 0.0 13.1923
1214191.0 0.0 10.4432
1219206.0 0.0 10.4522
1219262.0 0.0 10.1627
1220724.0 0.0 10.1562
1221278.0 0.0 11.1488
1221474.0 0.0 12.1461
1221662.0 0.0 10.4689
1221904.0 0.0 10.2524
1223800.0 0.0 10.3925
1225114.0 0.0 10.4241
1228474.0 0.0 10.9395
1231126.0 0.0 11.4036
1231749.0 0.0 10.5903
1232045.0 0.0 10.4885
1234001.0 0.0 10.2054
1234619.0 0.0 10.5002
1238792.0 0.0 10.4866
1238804.0 0.0 10.1701
1240825.0 0.0 10.1088
1240883.0 0.0 11.1014
1241018.0 0.0 10.3515
1241307.0 0.0 10.1047
1241323.0 0.0 10.7594
1244858.0 0.0 10.4294
1245181.0 0.0 10.4374
1247745.0 0.0 10.6553
1248504.0 0.0 10.5404
1248554.0 0.0 10.6013
1254032.0 0.0 10.6700
1254943.0 0.0 10.2353
1255599.0 0.0 12.1635
1255854.0 0.0 10.4430
1256004.0 0.0 10.1552
1256578.0 0.0 10.9399
1257752.0 0.0 12.7538
1259845.0 0.0 11.0236
1260013.0 0.0 10.2189
1260040.0 0.0 10.1950
1261993.0 0.0 10.3625
1263177.0 0.0 10.6137
1263954.0 0.0 10.3201
1264942.0 0.0 10.2307
1267378.0 0.0 10.3524
1269538.0 0.0 11.0269
1269881.0 0.0 10.7571
1269940.0 0.0 10.5932
1274977.0 0.0 11.3519
1276742.0 0.0 10.8488
1277513.0 0.0 10.8195
1277909.0 0.0 11.0476
1278216.0 0.0 10.2808
1278813.0 0.0 10.9756
1278818.0 0.0 10.1323
1281231.0 0.0 10.2030
1281483.0 0.0 11.6750
1283089.0 0.0 10.4204
1284520.0 0.0 11.7837
1285186.0 0.0 10.7458
1285244.0 0.0 10.1049
1285378.0 0.0 12.2450
1288330.0 0.0 12.1528
1290347.0 0.0 10.2113
1291329.0 0.0 10.3915
1292617.0 0.0 11.0790
1295056.0 0.0 10.4939
1295503.0 0.0 11.2396
1296367.0 0.0 10.1397
1296833.0 0.0 10.2904
1297983.0 0.0 10.3074
1298867.0 0.0 10.5256
1299255.0 0.0 11.0267
1304468.0 0.0 11.1272
1305226.0 0.0 10.2933
1305996.0 0.0 10.2800
1306111.0 0.0 10.7014
1307679.0 0.0 13.8099
1312247.0 0.0 11.7829
1312356.0 0.0 10.8701
1314566.0 0.0 12.6574
1315031.0 0.0 10.2044
1315362.0 0.0 10.4381
1316261.0 0.0 10.0060
1316273.0 0.0 10.0456
1317098.0 0.0 11.6853
1317835.0 0.0 12.0337
1318004.0 0.0 11.6512
1319612.0 0.0 11.0017
1320801.0 0.0 10.0327
1321109.0 0.0 10.1188
1323540.0 0.0 11.2924
1324210.0 0.0 11.0128
1325091.0 0.0 10.7687
1326121.0 0.0 10.1881
1326282.0 0.0 10.8499
1329504.0 0.0 10.5287
1331854.0 0.0 10.4561
1332497.0 0.0 10.4608
1333181.0 0.0 10.1808
1333325.0 0.0 13.2674
1333994.0 0.0 10.6039
1334093.0 0.0 10.4943
1335332.0 0.0 10.9804
1335576.0 0.0 12.7492
1336894.0 0.0 11.1599
1337703.0 0.0 11.3622
1339891.0 0.0 10.2491
1340641.0 0.0 10.7055
1343381.0 0.0 10.1769
1343976.0 0.0 10.7206
1348605.0 0.0 10.0502
1349446.0 0.0 10.3222
1349670.0 0.0 11.1619
1350256.0 0.0 11.5056
1350515.0 0.0 12.6503
1350701.0 0.0 10.5518
1351709.0 0.0 10.5708
1351889.0 0.0 10.6948
1352099.0 0.0 12.3379
1352327.0 0.0 12.1168
1353420.0 0.0 10.4275
1355586.0 0.0 10.9536
1356024.0 0.0 10.3884
1356227.0 0.0 11.4737
1358342.0 0.0 10.6363
1360022.0 0.0 10.8756
1360043.0 0.0 13.0049
1361980.0 0.0 10.9064
1362046.0 0.0 10.8758
1362311.0 0.0 11.8314
1363984.0 0.0 10.3153
1364199.0 0.0 10.3381
1364823.0 0.0 10.9272
1365078.0 0.0 11.3353
1365603.0 0.0 10.8384
1368110.0 0.0 10.5692
1368331.0 0.0 10.9532
1368836.0 0.0 10.7657
1370281.0 0.0 10.0589
1371398.0 0.0 10.5967
1372738.0 0.0 10.5686
1376337.0 0.0 10.5366
1376409.0 0.0 10.4524
1376536.0 0.0 12.0947
1376850.0 0.0 10.0268
1377015.0 0.0 12.6873
1379819.0 0.0 10.7663
1379928.0 0.0 10.4665
1383241.0 0.0 11.7333
1383438.0 0.0 11.9039
1385566.0 0.0 12.7559
1388773.0 0.0 11.0915
1391447.0 0.0 14.0463
1391714.0 0.0 12.0590
1392114.0 0.0 12.8180
1392608.0 0.0 10.2544
1393264.0 0.0 11.9919
1393369.0 0.0 10.0387
1394806.0 0.0 10.1185
1395552.0 0.0 10.1537
1397745.0 0.0 11.3754
1398469.0 0.0 12.3368
1399226.0 0.0 11.0396
1401153.0 0.0 12.8966
1401163.0 0.0 11.3893
1401351.0 0.0 10.6717
1404622.0 0.0 10.2317
1404649.0 0.0 11.7565
1405961.0 0.0 10.1791
1407344.0 0.0 10.1092
1407427.0 0.0 13.0475
1408421.0 0.0 10.7895
1409578.0 0.0 10.3878
1411144.0 0.0 10.6419
1413946.0 0.0 10.6345
1414145.0 0.0 11.1587
1415171.0 0.0 10.2710
1415809.0 0.0 10.0153
1418166.0 0.0 10.5141
1418204.0 0.0 11.1412
1419501.0 0.0 11.8315
1420044.0 0.0 10.1786
1420339.0 0.0 10.4225
1422736.0 0.0 10.1927
1423288.0 0.0 11.2771
1429284.0 0.0 11.5193
1429628.0 0.0 12.1489
1430063.0 0.0 10.0333
1433748.0 0.0 10.7151
1433769.0 0.0 11.1695
1434252.0 0.0 11.5268
1436448.0 0.0 10.2702
1436976.0 0.0 10.0647
1437660.0 0.0 11.7759
1442367.0 0.0 11.7759
1443051.0 0.0 10.0647
1443579.0 0.0 10.2702
1445775.0 0.0 11.5268
1446258.0 0.0 11.1695
1446279.0 0.0 10.7151
1451687.0 0.0 12.0064
1452786.0 0.0 10.2150
1452840.0 0.0 10.0421
1454279.0 0.0 10.2651
1454705.0 0.0 11.6797
1455772.0 0.0 10.2058
1456858.0 0.0 10.8408
1458998.0 0.0 11.2181
1459710.0 0.0 11.4855
1460201.0 0.0 11.5302
1460309.0 0.0 11.1449
1460468.0 0.0 12.2285
1462272.0 0.0 10.3708
1462925.0 0.0 10.1479
1463327.0 0.0 10.3607
1463357.0 0.0 11.0172
1463878.0 0.0 10.2976
1468721.0 0.0 10.4994
1468926.0 0.0 10.0823
1470042.0 0.0 12.0074
1471263.0 0.0 11.2397
1472730.0 0.0 10.4602
1472825.0 0.0 10.6452
1473994.0 0.0 10.4883
1476644.0 0.0 10.0087
1476689.0 0.0 10.3897
1482908.0 0.0 10.4386
1483091.0 0.0 11.4114
1483682.0 0.0 12.9374
1484471.0 0.0 11.1139
1486652.0 0.0 12.7633
1486892.0 0.0 12.8089
1488748.0 0.0 10.5143
1488877.0 0.0 10.5495
1489434.0 0.0 11.0385
1489567.0 0.0 10.4150
1489650.0 0.0 11.4559
1494110.0 0.0 10.9352
1494252.0 0.0 10.3659
1495947.0 0.0 11.0041
1496649.0 0.0 11.2560
1499736.0 0.0 10.8449
1500882.0 0.0 10.5176
1501092.0 0.0 10.6147
1501214.0 0.0 11.2339
1501631.0 0.0 11.1976
1503211.0 0.0 10.4769
1503751.0 0.0 11.4089
1504315.0 0.0 11.8697
1504948.0 0.0 10.0606
1505406.0 0.0 11.0053
1505578.0 0.0 10.2971
1509540.0 0.0 10.8245
1512946.0 0.0 11.3766
1513869.0 0.0 10.2386
1513881.0 0.0 10.6461
1513893.0 0.0 10.2462
1513995.0 0.0 12.2927
1515130.0 0.0 11.0714
1515386.0 0.0 10.6631
1515574.0 0.0 11.7076
1518657.0 0.0 10.4336
1519898.0 0.0 10.6838
1520468.0 0.0 10.2328
1523014.0 0.0 10.1065
1523021.0 0.0 10.8434
1526445.0 0.0 12.5856
1526807.0 0.0 10.2726
1526832.0 0.0 10.9408
1526849.0 0.0 12.2435
1527080.0 0.0 10.1857
1527215.0 0.0 11.8006
1528717.0 0.0 10.1190
1528720.0 0.0 10.1408
1529085.0 0.0 11.6093
1530318.0 0.0 10.5833
1530403.0 0.0 12.2375
1530427.0 0.0 10.1530
1530917.0 0.0 10.6632
1534702.0 0.0 11.9806
1534865.0 0.0 10.5203
1535566.0 0.0 11.7941
1535582.0 0.0 12.2656
1538525.0 0.0 10.2011
1542342.0 0.0 10.6222
1543172.0 0.0 10.3419
1544085.0 0.0 10.9701
1544108.0 0.0 10.0902
1545470.0 0.0 10.0182
1545930.0 0.0 11.3057
1550307.0 0.0 11.7759
1550934.0 0.0 11.1268
1551843.0 0.0 10.7103
1551894.0 0.0 11.5790
1552266.0 0.0 10.1667
1553085.0 0.0 10.3381
1554357.0 0.0 10.7762
1555942.0 0.0 10.1373
1557137.0 0.0 11.0196
1557443.0 0.0 10.5654
1559226.0 0.0 11.5078
1560709.0 0.0 12.6245
1562200.0 0.0 12.6492
1563318.0 0.0 10.6178
1566410.0 0.0 11.4269
1566856.0 0.0 12.6917
1566964.0 0.0 11.2526
1573664.0 0.0 10.0625
1573860.0 0.0 10.3219
1574306.0 0.0 11.2547
1575322.0 0.0 10.7545
1577119.0 0.0 10.5176
1578466.0 0.0 10.9970
1579943.0 0.0 10.2843
1583538.0 0.0 11.7593
1584208.0 0.0 10.1969
1584265.0 0.0 10.7868
1586312.0 0.0 10.4743
1588822.0 0.0 10.6065
1589317.0 0.0 11.0842
1589728.0 0.0 12.5584
1591591.0 0.0 10.5620
1591996.0 0.0 10.6054
1592271.0 0.0 11.2954
1592720.0 0.0 11.6877
1593413.0 0.0 11.1064
1593701.0 0.0 10.3727
1595048.0 0.0 11.0987
1596389.0 0.0 11.5264
1597193.0 0.0 10.4684
1598554.0 0.0 11.3389
1601719.0 0.0 13.8823
1602461.0 0.0 11.8458
1602698.0 0.0 10.9188
1603473.0 0.0 10.8000
1604662.0 0.0 10.7481
1606385.0 0.0 12.6050
1607555.0 0.0 11.1017
1607959.0 0.0 12.4260
1608439.0 0.0 11.9581
1608569.0 0.0 11.5559
1611257.0 0.0 10.6939
1613485.0 0.0 10.3979
1615442.0 0.0 10.0224
1615506.0 0.0 11.6823
1616343.0 0.0 11.2551
1616957.0 0.0 11.4599
1618252.0 0.0 11.3475
1618680.0 0.0 10.9379
1618875.0 0.0 10.3234
1619050.0 0.0 11.0483
1619373.0 0.0 10.3140
1621959.0 0.0 10.1894
1621982.0 0.0 10.4098
1624342.0 0.0 11.8690
1627752.0 0.0 10.3517
1627988.0 0.0 11.4354
1629142.0 0.0 10.9467
1630352.0 0.0 10.6568
1635874.0 0.0 10.0287
1636972.0 0.0 11.2672
1637641.0 0.0 10.7714
1638765.0 0.0 10.0484
1639648.0 0.0 10.5969
1640104.0 0.0 11.4301
1643029.0 0.0 10.3471
1643750.0 0.0 10.0671
1646636.0 0.0 10.9523
1647749.0 0.0 12.1917
1649795.0 0.0 10.2601
1650680.0 0.0 11.1851
1651770.0 0.0 10.1188
1651852.0 0.0 10.2354
1654162.0 0.0 10.9740
1658165.0 0.0 10.0021
1658409.0 0.0 10.5375
1658764.0 0.0 10.4511
1659829.0 0.0 10.2367
1659993.0 0.0 11.3708
1661049.0 0.0 11.1783
1661717.0 0.0 10.8575
1663732.0 0.0 11.6731
1665024.0 0.0 10.4283
1665135.0 0.0 11.2079
1669909.0 0.0 11.7448
1670606.0 0.0 11.4936
1671083.0 0.0 10.1643
1673730.0 0.0 12.4717
1676556.0 0.0 11.2947
1676800.0 0.0 10.3441
1677584.0 0.0 10.1572
1678826.0 0.0 10.1677
1679763.0 0.0 11.7412
1680501.0 0.0 11.6635
1681008.0 0.0 13.4574
1681728.0 0.0 10.2928
1681859.0 0.0 11.0147
1683424.0 0.0 10.0672
1685103.0 0.0 11.1479
1686076.0 0.0 12.4879
1686737.0 0.0 10.5329
1686853.0 0.0 10.2546
1691813.0 0.0 12.0334
1691903.0 0.0 11.6603
1691939.0 0.0 11.6603
1691975.0 0.0 11.9521
1692011.0 0.0 11.9521
1692047.0 0.0 11.9521
1692083.0 0.0 11.4491
1692113.0 0.0 10.5337
1693561.0 0.0 10.7938
1693948.0 0.0 10.1888
1694670.0 0.0 10.4735
1694703.0 0.0 11.7933
1697620.0 0.0 11.2967
1700463.0 0.0 10.3561
1701970.0 0.0 10.5041
1704828.0 0.0 10.2331
1708253.0 0.0 10.9929
1708641.0 0.0 10.7409
1710126.0 0.0 10.5442
1710518.0 0.0 10.0203
1711249.0 0.0 11.1126
1712457.0 0.0 11.2631
1715016.0 0.0 10.2044
1716219.0 0.0 12.0962
1716761.0 0.0 10.1194
1718264.0 0.0 12.6077
1718642.0 0.0 10.7171
1718743.0 0.0 10.5183
1720837.0 0.0 11.7342
1721659.0 0.0 10.3882
1721684.0 0.0 10.6061
1722599.0 0.0 10.2717
1724898.0 0.0 11.4917
1724963.0 0.0 11.6759
1725052.0 0.0 10.3857
1725337.0 0.0 10.9457
1726377.0 0.0 11.5472
1726871.0 0.0 10.1850
1729233.0 0.0 11.0700
1729588.0 0.0 12.2090
1731706.0 0.0 11.1396
1737024.0 0.0 10.1005
1738425.0 0.0 10.2483
1739134.0 0.0 10.3488
1740855.0 0.0 10.5815
1741738.0 0.0 13.6325
1744983.0 0.0 10.7988
1749051.0 0.0 10.1766
1750389.0 0.0 10.9455
1750957.0 0.0 10.4981
1751959.0 0.0 11.8376
1752385.0 0.0 10.5171
1752475.0 0.0 10.0748
1752793.0 0.0 10.8697
1755237.0 0.0 10.7770
1756242.0 0.0 10.5948
1756861.0 0.0 10.6055
1757790.0 0.0 10.4270
1758179.0 0.0 10.5304
1758342.0 0.0 11.2243
1759551.0 0.0 10.4818
1759877.0 0.0 11.5588
1760217.0 0.0 12.0483
1760261.0 0.0 10.2908
1760289.0 0.0 10.1090
1760325.0 0.0 10.3054
1761351.0 0.0 11.2275
1764220.0 0.0 12.5161
1764400.0 0.0 11.3784
1765222.0 0.0 10.9197
1766384.0 0.0 10.9695
1766416.0 0.0 10.7443
1766504.0 0.0 11.5188
1766733.0 0.0 10.2236
1767649.0 0.0 12.0144
1768176.0 0.0 11.9430
1770870.0 0.0 11.6803
1771053.0 0.0 10.8452
1771640.0 0.0 11.7774
1771782.0 0.0 12.2742
1771923.0 0.0 10.9420
1774653.0 0.0 10.7111
1774880.0 0.0 10.6413
1775600.0 0.0 12.5778
1775738.0 0.0 10.1948
1776410.0 0.0 10.0741
1777577.0 0.0 12.1079
1777912.0 0.0 10.9788
1783535.0 0.0 10.5447
1785521.0 0.0 10.7327
1785895.0 0.0 11.1954
1786114.0 0.0 11.5214
1786448.0 0.0 10.5051
1786464.0 0.0 11.2924
1789297.0 0.0 10.0361
1791376.0 0.0 11.0185
1793403.0 0.0 12.0957
1796789.0 0.0 10.1315
1800012.0 0.0 10.3244
1800399.0 0.0 10.2895
1800895.0 0.0 11.2170
1803497.0 0.0 11.1582
1804358.0 0.0 11.6153
1806687.0 0.0 11.0484
1809172.0 0.0 10.2106
1810701.0 0.0 10.0954
1813020.0 0.0 11.9135
1814034.0 0.0 11.2089
1814965.0 0.0 10.4657
1815045.0 0.0 10.0655
1815769.0 0.0 10.0592
1815840.0 0.0 10.9534
1817638.0 0.0 10.4990
1818708.0 0.0 10.3052
1820508.0 0.0 11.5534
1822749.0 0.0 11.0745
1823514.0 0.0 11.3050
1826027.0 0.0 10.0605
1826458.0 0.0 12.1285
1827437.0 0.0 10.1687
1828180.0 0.0 12.5107
1829285.0 0.0 10.2529
1829977.0 0.0 10.4863
1832295.0 0.0 10.3395
1833137.0 0.0 10.0981
1834164.0 0.0 10.7244
1836335.0 0.0 11.4704
1836443.0 0.0 10.0744
1839714.0 0.0 14.5397
1840785.0 0.0 10.3483
1841759.0 0.0 10.6655
1842674.0 0.0 10.4083
1842722.0 0.0 13.1745
1845859.0 0.0 12.1410
1849161.0 0.0 10.0882
1850666.0 0.0 10.9583
1850899.0 0.0 12.5423
1852115.0 0.0 10.5245
1852322.0 0.0 10.6577
1852437.0 0.0 10.6652
1852679.0 0.0 10.3800
1853351.0 0.0 10.3729
1853889.0 0.0 11.5180
1854347.0 0.0 10.1080
1854368.0 0.0 11.5008
1856031.0 0.0 12.0839
1856546.0 0.0 10.0356
1856742.0 0.0 10.2980
1858433.0 0.0 10.3380
1859676.0 0.0 10.3095
1860306.0 0.0 10.7730
1861601.0 0.0 10.5755
1862466.0 0.0 11.5050
1862865.0 0.0 11.4985
1865106.0 0.0 11.2128
1865322.0 0.0 11.2413
1865849.0 0.0 11.2799
1869996.0 0.0 10.1966
1872163.0 0.0 11.4570
1873472.0 0.0 10.9818
1875768.0 0.0 10.8968
1877046.0 0.0 10.6078
1880303.0 0.0 11.0934
1882401.0 0.0 11.6655
1883470.0 0.0 10.6885
1884079.0 0.0 10.3609
1884634.0 0.0 10.5611
1886447.0 0.0 13.0873
1886661.0 0.0 10.1807
1887008.0 0.0 10.6123
1887452.0 0.0 11.7205
1888724.0 0.0 10.9603
1891749.0 0.0 10.9275
1892314.0 0.0 10.7611
1893540.0 0.0 10.4616
1894682.0 0.0 10.9032
1894867.0 0.0 10.2057
1895693.0 0.0 11.5348
1897760.0 0.0 10.1639
1898823.0 0.0 10.1145
1899025.0 0.0 10.2160
1899054.0 0.0 11.3691
1899952.0 0.0 10.7372
1901571.0 0.0 11.2818
1902631.0 0.0 10.0387
1904396.0 0.0 10.0776
1905556.0 0.0 10.2234
1905979.0 0.0 11.4560
1906635.0 0.0 10.2351
1907838.0 0.0 10.2507
1907887.0 0.0 11.5132
1910010.0 0.0 10.0813
1912206.0 0.0 11.9619
1912506.0 0.0 10.4287
1913060.0 0.0 10.7604
1913183.0 0.0 10.1721
1913194.0 0.0 10.1619
1914185.0 0.0 10.1919
1914962.0 0.0 11.0149
1915201.0 0.0 10.1523
1917112.0 0.0 11.0544
1919517.0 0.0 10.9841
1919691.0 0.0 10.4048
1920051.0 0.0 11.2104
1923146.0 0.0 10.4906
1923412.0 0.0 10.4587
1924176.0 0.0 11.5626
1925590.0 0.0 10.8423
1926697.0 0.0 11.0279
1926848.0 0.0 10.6083
1928999.0 0.0 10.2141
1929140.0 0.0 10.4757
1932502.0 0.0 10.0130
1934315.0 0.0 13.0307
1935160.0 0.0 10.0445
1938199.0 0.0 10.2189
1941542.0 0.0 10.2715
1942805.0 0.0 10.0460
1945543.0 0.0 10.0082
1946762.0 0.0 10.1727
1947233.0 0.0 10.1467
1947311.0 0.0 10.1830
1948117.0 0.0 10.1701
1948788.0 0.0 11.4118
1949672.0 0.0 10.1147
1952370.0 0.0 12.2749
1957303.0 0.0 11.9624
1957537.0 0.0 10.6301
1957864.0 0.0 10.5802
1958041.0 0.0 10.7904
1958430.0 0.0 10.5360
1959068.0 0.0 10.3620
1959406.0 0.0 10.3168
1959468.0 0.0 11.2641
1961576.0 0.0 10.2773
1961760.0 0.0 10.1351
1965347.0 0.0 10.3322
1965630.0 0.0 11.0744
1966864.0 0.0 10.4671
1966944.0 0.0 10.7092
1967013.0 0.0 10.2573
1967083.0 0.0 10.2990
1967787.0 0.0 10.9620
1968164.0 0.0 10.1615
1968483.0 0.0 11.2060
1969618.0 0.0 11.0055
1970319.0 0.0 10.0078
1972299.0 0.0 10.7501
1973802.0 0.0 10.0852
1975053.0 0.0 11.8375
1975109.0 0.0 10.5821
1976198.0 0.0 11.6640
1976730.0 0.0 12.5174
1978250.0 0.0 10.8076
1979294.0 0.0 11.4846
1979315.0 0.0 10.1144
1980154.0 0.0 11.2129
1981680.0 0.0 12.4855
1982842.0 0.0 10.6689
1984259.0 0.0 10.5795
1986859.0 0.0 10.6310
1987637.0 0.0 10.2979
1988938.0 0.0 10.2656
1989646.0 0.0 11.0897
1989670.0 0.0 11.0897
1989694.0 0.0 11.0897
1989718.0 0.0 11.0897
1989742.0 0.0 11.0897
1989766.0 0.0 11.0897
1989790.0 0.0 11.0897
1989814.0 0.0 11.0897
1989838.0 0.0 11.0897
1989862.0 0.0 11.0897
1989886.0 0.0 11.0897
1989910.0 0.0 11.0897
1989934.0 0.0 11.0897
1989958.0 0.0 11.0897
1989982.0 0.0 11.0897
1990006.0 0.0 11.0897
1990340.0 0.0 12.9940
1993354.0 0.0 10.8590
1996162.0 0.0 10.0805
1998285.0 0.0 12.5908
1999215.0 0.0 10.6927
2000224.0 0.0 12.2030
2002430.0 0.0 10.0412
2004143.0 0.0 11.6419
2004844.0 0.0 10.4960
2005821.0 0.0 10.8201
2006612.0 0.0 12.8195
2009137.0 0.0 10.4870
2010398.0 0.0 10.4273
2012261.0 0.0 11.9417
2012966.0 0.0 11.4063
2014433.0 0.0 10.2920
2017681.0 0.0 10.0154
2019010.0 0.0 11.5327
2019874.0 0.0 11.4359
2022227.0 0.0 10.7450
2022344.0 0.0 10.7663
2023421.0 0.0 11.2774
2024669.0 0.0 10.2353
2024907.0 0.0 10.6591
2024989.0 0.0 11.0437
2027048.0 0.0 10.4436
2027059.0 0.0 10.6028
2031720.0 0.0 10.9797
2031754.0 0.0 11.1330
2031923.0 0.0 10.1697
2032129.0 0.0 11.5298
2032794.0 0.0 10.7861
2032935.0 0.0 10.3214
2034063.0 0.0 10.7642
2034183.0 0.0 10.5318
2035210.0 0.0 11.2458
2035867.0 0.0 11.6522
2036914.0 0.0 10.2710
2040966.0 0.0 10.3873
2041258.0 0.0 10.3824
2042482.0 0.0 11.5091
2043626.0 0.0 10.6772
2045567.0 0.0 10.3075
2045987.0 0.0 10.4957
2046136.0 0.0 14.0078
2046435.0 0.0 10.3999
2049089.0 0.0 10.5208
2052914.0 0.0 10.0904
2052978.0 0.0 10.4027
2057252.0 0.0 11.1287
2057429.0 0.0 11.1124
2060002.0 0.0 10.4568
2060205.0 0.0 11.6719
2062219.0 0.0 10.7753
2063870.0 0.0 10.8646
2064094.0 0.0 10.1267
2065025.0 0.0 11.2197
2065098.0 0.0 10.3888
2065821.0 0.0 10.5047
2065862.0 0.0 10.4445
2066327.0 0.0 10.6404
2066905.0 0.0 10.5744
2067625.0 0.0 12.1720
2067641.0 0.0 11.2046
2069152.0 0.0 10.5946
2069536.0 0.0 10.9996
2069719.0 0.0 10.2449
2069989.0 0.0 10.3472
2070112.0 0.0 10.6630
2073055.0 0.0 10.5058
2074177.0 0.0 11.1433
2075119.0 0.0 10.4318
2080061.0 0.0 10.1504
2080892.0 0.0 10.1427
2081111.0 0.0 10.1155
2082611.0 0.0 10.1673
2083956.0 0.0 10.0077
2084387.0 0.0 10.0368
2085757.0 0.0 10.5967
2087001.0 0.0 11.8492
2088004.0 0.0 11.8140
2089769.0 0.0 11.6288
2090000.0 0.0 10.4256
2092238.0 0.0 10.4344
2093713.0 0.0 10.2687
2096041.0 0.0 10.1233
2096175.0 0.0 11.0391
2097520.0 0.0 11.2619
2097706.0 0.0 10.0228
2097780.0 0.0 10.1631
2098166.0 0.0 10.6143
2100233.0 0.0 10.0705
2103536.0 0.0 11.6139
2103734.0 0.0 10.3134
2105362.0 0.0 10.1986
2106339.0 0.0 10.6131
2106722.0 0.0 10.4548
2107286.0 0.0 10.1523
2107616.0 0.0 11.4074
2107742.0 0.0 10.0886
2108656.0 0.0 10.1333
2110159.0 0.0 12.0767
2115338.0 0.0 10.4605
2115473.0 0.0 12.4729
2115845.0 0.0 10.7305
2116128.0 0.0 11.6309
2128992.0 0.0 10.0305
2129665.0 0.0 10.3770
2130224.0 0.0 11.7532
2130341.0 0.0 12.4618
2131040.0 0.0 11.4184
2131109.0 0.0 11.1353
2131857.0 0.0 10.0770
2132360.0 0.0 11.3433
2132402.0 0.0 11.1093
2132614.0 0.0 10.5325
2133437.0 0.0 10.5962
2133757.0 0.0 10.1480
2134877.0 0.0 10.5527
2135531.0 0.0 10.3766
2137690.0 0.0 12.6583
2138023.0 0.0 11.4533
2140470.0 0.0 11.0678
2140480.0 0.0 10.5159
2142721.0 0.0 10.1504
2142800.0 0.0 10.1420
2143043.0 0.0 10.6204
2144341.0 0.0 10.4728
2146044.0 0.0 10.1224
2146743.0 0.0 11.3599
2146755.0 0.0 11.5142
2146764.0 0.0 11.3849
2147820.0 0.0 11.3126
2148279.0 0.0 10.1715
2150947.0 0.0 11.7750
2151193.0 0.0 10.3018
2152351.0 0.0 11.6342
2153430.0 0.0 10.8677
2157159.0 0.0 11.0719
2157280.0 0.0 10.0217
2157414.0 0.0 10.9068
2157957.0 0.0 10.1235
2158717.0 0.0 10.0938
2159324.0 0.0 11.3639
2160739.0 0.0 11.0616
2160970.0 0.0 10.2416
2161357.0 0.0 10.4774
2161675.0 0.0 10.5047
2162737.0 0.0 10.4292
2163425.0 0.0 13.0914
2163749.0 0.0 11.9137
2166674.0 0.0 10.1477
2168179.0 0.0 11.7167
2170238.0 0.0 10.0553
2170747.0 0.0 10.3108
2173605.0 0.0 11.6652
2174863.0 0.0 10.9902
2175513.0 0.0 12.4829
2177699.0 0.0 11.0942
2178681.0 0.0 10.5201
2180370.0 0.0 10.0808
2180524.0 0.0 11.1718
2182218.0 0.0 10.1652
2183975.0 0.0 10.0213
2184852.0 0.0 10.4649
2185151.0 0.0 10.0806
2185427.0 0.0 11.8685
2186001.0 0.0 10.7683
2188628.0 0.0 11.1189
2189064.0 0.0 10.5266
2193027.0 0.0 10.1108
2193199.0 0.0 10.8052
2193999.0 0.0 10.4543
2195394.0 0.0 10.0110
2196932.0 0.0 11.3420
2197725.0 0.0 11.0848
2198999.0 0.0 10.3102
2200184.0 0.0 11.3369
2200346.0 0.0 10.0620
2200814.0 0.0 11.2809
2203617.0 0.0 10.2562
2204850.0 0.0 10.6022
2205498.0 0.0 10.3607
2206767.0 0.0 11.3957
2209113.0 0.0 10.8651
2209693.0 0.0 12.1922
2211390.0 0.0 12.0651
2213814.0 0.0 10.1994
2221637.0 0.0 11.0480
2223335.0 0.0 10.8058
2223617.0 0.0 11.9914
2225397.0 0.0 11.2434
2225624.0 0.0 10.3175
2227822.0 0.0 10.6659
2228085.0 0.0 10.6013
2228216.0 0.0 11.6760
2228811.0 0.0 11.6455
2229500.0 0.0 10.3478
2232874.0 0.0 10.2269
2234041.0 0.0 10.1541
2236744.0 0.0 13.0301
2238582.0 0.0 10.0908
2239816.0 0.0 11.1483
2239928.0 0.0 11.2799
2244215.0 0.0 10.2240
2244689.0 0.0 12.3134
2244827.0 0.0 10.0526
2245580.0 0.0 11.6521
2246602.0 0.0 10.0197
2246797.0 0.0 10.1237
2247259.0 0.0 10.7115
2247840.0 0.0 10.6775
2247928.0 0.0 10.3485
2248146.0 0.0 10.1129
2249546.0 0.0 11.5057
2250129.0 0.0 11.4541
2251102.0 0.0 10.4995
2251405.0 0.0 12.2784
2251525.0 0.0 10.1861
2251734.0 0.0 10.1053
2251788.0 0.0 11.6221
2252125.0 0.0 10.0725
2252767.0 0.0 12.9346
2252895.0 0.0 10.1698
2253454.0 0.0 11.8623
2253613.0 0.0 11.5288
2254459.0 0.0 10.1733
2255082.0 0.0 11.1573
2255091.0 0.0 10.4952
2255521.0 0.0 10.1890
2255979.0 0.0 10.9747
2256453.0 0.0 10.2634
2260473.0 0.0 11.0185
2261088.0 0.0 10.0592
2263019.0 0.0 12.1069
2263337.0 0.0 10.2377
2263481.0 0.0 13.5600
2265234.0 0.0 13.1201
2265378.0 0.0 10.2377
2265696.0 0.0 12.1069
2269873.0 0.0 11.8143
2272263.0 0.0 10.0780
2272969.0 0.0 10.7955
2273640.0 0.0 10.1447
2274949.0 0.0 10.1309
2275773.0 0.0 10.0912
2276641.0 0.0 10.8771
2277825.0 0.0 11.0170
2278116.0 0.0 10.2819
2278927.0 0.0 13.3272
2279005.0 0.0 10.1094
2279034.0 0.0 10.0041
2279119.0 0.0 10.4596
2282014.0 0.0 11.0308
2286543.0 0.0 11.4531
2287100.0 0.0 10.0495
2288230.0 0.0 12.1860
2288507.0 0.0 10.2607
2289032.0 0.0 10.0239
2289085.0 0.0 12.0112
2291970.0 0.0 11.0071
2292395.0 0.0 11.1492
2292730.0 0.0 10.1244
2293103.0 0.0 10.0013
2294577.0 0.0 12.3922
2295150.0 0.0 10.0315
2295276.0 0.0 10.1935
2296874.0 0.0 11.7047
2299041.0 0.0 11.0110
2299553.0 0.0 11.0372
2302491.0 0.0 12.2797
2302584.0 0.0 10.4205
2303973.0 0.0 11.7615
2305054.0 0.0 11.9793
2305605.0 0.0 10.6388
2308554.0 0.0 10.7964
2309280.0 0.0 10.0739
2311400.0 0.0 11.5621
2313194.0 0.0 10.3248
2313335.0 0.0 10.6365
2314203.0 0.0 10.0988
2314210.0 0.0 10.3419
2315019.0 0.0 10.0944
2318393.0 0.0 10.4358
2321007.0 0.0 10.9117
2323188.0 0.0 10.3885
2327407.0 0.0 10.3800
2329759.0 0.0 14.6241
2331073.0 0.0 10.4558
2333104.0 0.0 11.9140
2338996.0 0.0 10.2313
2339798.0 0.0 10.1665
2340750.0 0.0 12.0369
2346997.0 0.0 10.5904
2348899.0 0.0 11.2096
2349153.0 0.0 11.0784
2351230.0 0.0 10.4681
2354133.0 0.0 10.2153
2356515.0 0.0 12.0013
2357135.0 0.0 10.3657
2357531.0 0.0 11.5518
2361254.0 0.0 12.0812
2362246.0 0.0 12.6064
2367590.0 0.0 10.1582
2368215.0 0.0 12.8402
2368234.0 0.0 10.4932
2369824.0 0.0 11.0656
2370307.0 0.0 10.1362
2372713.0 0.0 10.0563
2372922.0 0.0 10.3582
2373099.0 0.0 10.3955
2379359.0 0.0 10.9967
2381464.0 0.0 10.2486
2383483.0 0.0 11.5737
2383742.0 0.0 10.2302
2384776.0 0.0 10.0757
2385368.0 0.0 10.8324
2385909.0 0.0 10.2095
2386178.0 0.0 12.1788
2386994.0 0.0 11.3039
2387272.0 0.0 10.4528
2389703.0 0.0 10.2740
2390638.0 0.0 11.1381
2393144.0 0.0 10.4428
2393168.0 0.0 13.8040
2394445.0 0.0 10.4402
2394811.0 0.0 11.3245
2395460.0 0.0 10.3701
2395508.0 0.0 11.6697
2396084.0 0.0 10.1678
2396805.0 0.0 10.2887
2398850.0 0.0 12.9802
2399555.0 0.0 12.1416
2400745.0 0.0 10.5684
2402550.0 0.0 11.0629
2404718.0 0.0 12.6505
2406454.0 0.0 11.4499
2407690.0 0.0 10.2680
2408248.0 0.0 11.1144
2410280.0 0.0 10.0431
2410991.0 0.0 10.0486
2414122.0 0.0 11.2816
2414665.0 0.0 11.6379
2417151.0 0.0 12.1523
2418753.0 0.0 11.2062
2419957.0 0.0 12.2398
2419984.0 0.0 10.1112
2420375.0 0.0 11.5617
2425686.0 0.0 10.1144
2426433.0 0.0 10.4209
2426520.0 0.0 11.0126
2427179.0 0.0 10.4503
2427307.0 0.0 10.2147
2429348.0 0.0 10.2405
2432331.0 0.0 11.0149
2432405.0 0.0 10.2557
2433561.0 0.0 10.2522
2434937.0 0.0 13.7097
2436785.0 0.0 11.2207
2437594.0 0.0 10.2551
2438147.0 0.0 10.1142
2439030.0 0.0 10.3975
2440185.0 0.0 10.5411
2441707.0 0.0 10.2946
2442292.0 0.0 10.9075
2442838.0 0.0 10.6326
2447312.0 0.0 10.3372
2451761.0 0.0 10.8247
2452128.0 0.0 10.0182
2453784.0 0.0 11.2926
2454564.0 0.0 11.4039
2455188.0 0.0 11.0888
2456405.0 0.0 11.7645
2459281.0 0.0 12.1294
2460353.0 0.0 11.1166
2461051.0 0.0 10.3746
2463665.0 0.0 10.9756
2466876.0 0.0 10.6578
2469863.0 0.0 10.1623
2470203.0 0.0 10.9601
2471607.0 0.0 11.5404
2471994.0 0.0 10.9224
2475992.0 0.0 12.1970
2476992.0 0.0 10.2724
2478570.0 0.0 10.8039
2478834.0 0.0 12.0758
2479629.0 0.0 10.0868
2480237.0 0.0 10.3621
2480863.0 0.0 10.4076
2480906.0 0.0 10.0764
2483289.0 0.0 10.2824
2483466.0 0.0 11.4631
2484454.0 0.0 10.4213
2487648.0 0.0 10.3174
2488170.0 0.0 10.4426
2489476.0 0.0 10.6871
2490013.0 0.0 10.9584
2493601.0 0.0 10.0422
2494601.0 0.0 10.7468
2496367.0 0.0 11.1511
2496705.0 0.0 11.5874
2497903.0 0.0 11.7632
2497955.0 0.0 10.8433
2499253.0 0.0 10.6667
2502872.0 0.0 10.7068
2503155.0 0.0 11.7820
2503577.0 0.0 11.3257
2503941.0 0.0 10.3747
2505091.0 0.0 10.6327
2506106.0 0.0 10.3175
2506689.0 0.0 11.2237
2514071.0 0.0 10.4210
2515347.0 0.0 10.4290
2517356.0 0.0 10.0996
2518153.0 0.0 11.2626
2518274.0 0.0 11.8682
2518901.0 0.0 10.5429
2520020.0 0.0 10.5578
2520121.0 0.0 13.2086
2521030.0 0.0 11.6732
2521054.0 0.0 12.2522
2522285.0 0.0 10.1607
2523511.0 0.0 10.8524
2523565.0 0.0 10.4027
2524198.0 0.0 11.2316
2525219.0 0.0 10.8623
2526271.0 0.0 10.3988
2526518.0 0.0 10.8758
2526799.0 0.0 10.7415
2527464.0 0.0 10.1667
2528174.0 0.0 13.2807
2528719.0 0.0 10.5394
2529331.0 0.0 10.6925
2530726.0 0.0 11.1046
2530815.0 0.0 10.9468
2531005.0 0.0 10.1896
2531095.0 0.0 10.0479
2533775.0 0.0 10.0359
2537874.0 0.0 11.0780
2538414.0 0.0 10.1450
2540045.0 0.0 11.0338
2542817.0 0.0 11.2388
2544919.0 0.0 10.3004
2545156.0 0.0 10.1353
2545260.0 0.0 10.1606
2545818.0 0.0 10.0398
2548260.0 0.0 11.7455
2548444.0 0.0 11.0507
2549108.0 0.0 11.1930
2550332.0 0.0 11.2820
2551854.0 0.0 11.7300
2552170.0 0.0 10.8841
2552509.0 0.0 11.1090
2555805.0 0.0 10.0798
2558315.0 0.0 10.0880
2560049.0 0.0 10.3743
2560960.0 0.0 10.7444
2561039.0 0.0 10.3831
2563163.0 0.0 10.0895
2565018.0 0.0 10.0163
2568650.0 0.0 10.0920
2569130.0 0.0 10.0585
2571880.0 0.0 10.7356
2572831.0 0.0 10.4214
2572948.0 0.0 11.6717
2573077.0 0.0 10.2770
2577158.0 0.0 10.5231
2579005.0 0.0 10.7113
2579170.0 0.0 10.5806
2579943.0 0.0 10.1724
2582367.0 0.0 10.1203
2582802.0 0.0 10.2603
2582825.0 0.0 10.5850
2586165.0 0.0 10.3245
2586966.0 0.0 11.6645
2588025.0 0.0 10.2929
2589315.0 0.0 10.6165
2590295.0 0.0 11.0995
2591082.0 0.0 10.3003
2591420.0 0.0 11.0490
2592997.0 0.0 10.6169
2593223.0 0.0 10.0534
2595440.0 0.0 10.3528
2595921.0 0.0 10.1373
2600724.0 0.0 10.3604
2601307.0 0.0 12.4414
2602379.0 0.0 10.3234
2602905.0 0.0 10.2461
2603328.0 0.0 10.5628
2603675.0 0.0 10.9875
2604385.0 0.0 11.5631
2605088.0 0.0 11.3637
2610582.0 0.0 10.3088
2615356.0 0.0 11.2086
2616004.0 0.0 11.1406
2617635.0 0.0 11.0722
2622433.0 0.0 10.2718
2625809.0 0.0 10.2328
2626054.0 0.0 11.5059
2629441.0 0.0 11.7478
2631767.0 0.0 10.0475
2634300.0 0.0 11.1966
2634426.0 0.0 10.7764
2634652.0 0.0 10.9997
2635817.0 0.0 10.4625
2635963.0 0.0 10.2059
2636819.0 0.0 11.4837
2637008.0 0.0 10.2441
2637704.0 0.0 12.4107
2640191.0 0.0 10.2878
2640973.0 0.0 10.6119
2641747.0 0.0 10.2370
2643107.0 0.0 10.3619
2644057.0 0.0 11.5922
2644553.0 0.0 10.0820
2645147.0 0.0 10.3555
2646438.0 0.0 11.2705
2647251.0 0.0 10.1215
2647347.0 0.0 10.0375
2647423.0 0.0 10.9709
2648915.0 0.0 10.3243
2649001.0 0.0 10.1885
2649486.0 0.0 11.0187
2654659.0 0.0 10.4810
2655031.0 0.0 11.8395
2656669.0 0.0 10.2162
2657908.0 0.0 11.2917
2658076.0 0.0 11.4661
2658321.0 0.0 10.6103
2660181.0 0.0 10.2086
2660542.0 0.0 10.2462
2660748.0 0.0 10.4886
2661487.0 0.0 10.2413
2663001.0 0.0 12.2961
2664626.0 0.0 10.5034
2666476.0 0.0 10.7357
2667633.0 0.0 11.2718
2667652.0 0.0 13.1322
2668374.0 0.0 10.1526
2669369.0 0.0 10.9315
2670341.0 0.0 11.0459
2671924.0 0.0 11.0459
2673294.0 0.0 10.1465
2673998.0 0.0 10.3379
2674115.0 0.0 11.0828
2675080.0 0.0 10.4351
2675457.0 0.0 10.2763
2675724.0 0.0 10.3024
2676308.0 0.0 10.0416
2677862.0 0.0 10.5264
2679433.0 0.0 10.2586
2681676.0 0.0 12.8221
2685426.0 0.0 10.3610
2686140.0 0.0 10.2141
2687578.0 0.0 10.8076
2689973.0 0.0 10.6289
2690985.0 0.0 10.3396
2692376.0 0.0 10.3648
2693608.0 0.0 10.0860
2693672.0 0.0 11.4490
2694831.0 0.0 11.8700
2696956.0 0.0 10.1687
2697734.0 0.0 11.1761
2698747.0 0.0 10.5792
2699059.0 0.0 11.3975
2699207.0 0.0 10.0291
2699215.0 0.0 11.8439
2700533.0 0.0 11.7620
2700994.0 0.0 10.8017
2701006.0 0.0 11.6712
2702928.0 0.0 10.1601
2703583.0 0.0 10.5365
2706763.0 0.0 10.4288
2707916.0 0.0 11.4279
2710293.0 0.0 10.0467
2710578.0 0.0 14.3612
2711229.0 0.0 10.3841
2711770.0 0.0 10.0712
2712191.0 0.0 11.6602
2712889.0 0.0 11.1636
2714187.0 0.0 11.8724
2715663.0 0.0 10.5040
2715714.0 0.0 12.1340
2719780.0 0.0 10.6768
2719976.0 0.0 10.4095
2720021.0 0.0 10.4280
2720068.0 0.0 10.4362
2721945.0 0.0 10.0033
2722281.0 0.0 12.5886
2725151.0 0.0 11.6588
2726352.0 0.0 11.4018
2727718.0 0.0 10.4541
2727742.0 0.0 10.4541
2727790.0 0.0 10.2774
2728616.0 0.0 10.9034
2732212.0 0.0 10.9983
2737501.0 0.0 10.6916
2740392.0 0.0 10.0302
2744540.0 0.0 10.8611
2744835.0 0.0 10.1506
2745929.0 0.0 10.1099
2748093.0 0.0 10.3723
2750975.0 0.0 12.1912
2751011.0 0.0 10.6931
2753468.0 0.0 10.2833
2756090.0 0.0 11.8836
2756429.0 0.0 10.6261
2756657.0 0.0 10.1498
2758840.0 0.0 10.3160
2761150.0 0.0 11.1181
2762833.0 0.0 10.3120
2763901.0 0.0 12.5260
2764030.0 0.0 11.5531
2764419.0 0.0 10.3130
2766250.0 0.0 10.6711
2769290.0 0.0 10.0207
2771982.0 0.0 10.2208
2772341.0 0.0 10.0288
2772531.0 0.0 10.8164
2773229.0 0.0 10.9473
2773272.0 0.0 11.3529
2774480.0 0.0 10.5170
2776684.0 0.0 13.5853
2784306.0 0.0 13.0917
2784984.0 0.0 10.6803
2785363.0 0.0 10.8752
2791210.0 0.0 11.5102
2791239.0 0.0 10.2653
2791332.0 0.0 10.1432
2794280.0 0.0 12.4748
2794344.0 0.0 11.3815
2795907.0 0.0 10.8466
2799843.0 0.0 10.5395
2800975.0 0.0 11.9091
2801950.0 0.0 11.2237
2804051.0 0.0 11.0124
2814047.0 0.0 10.5821
2814661.0 0.0 11.1158
2815178.0 0.0 10.4979
2815487.0 0.0 10.8505
2815661.0 0.0 12.6794
2817779.0 0.0 10.0044
2817794.0 0.0 10.0044
2818442.0 0.0 10.6077
2820291.0 0.0 10.0766
2822425.0 0.0 10.0919
2824280.0 0.0 11.8655
2825221.0 0.0 10.7062
2825397.0 0.0 11.2619
2827307.0 0.0 11.3727
2829953.0 0.0 12.0202
2833004.0 0.0 11.3311
2833536.0 0.0 10.1978
2834523.0 0.0 11.0567
2836387.0 0.0 12.3502
2836463.0 0.0 11.0072
2837051.0 0.0 10.0345
2841133.0 0.0 11.7489
2841797.0 0.0 11.7668
2842260.0 0.0 11.0015
2842334.0 0.0 10.1472
2844185.0 0.0 10.5405
2844645.0 0.0 12.0463
2845298.0 0.0 10.7755
2848005.0 0.0 10.5782
2848274.0 0.0 11.2636
2848829.0 0.0 11.3479
2849933.0 0.0 11.9304
2850516.0 0.0 10.2669
2850599.0 0.0 10.2065
2851310.0 0.0 10.1472
2853522.0 0.0 10.4939
2853597.0 0.0 11.4580
2853801.0 0.0 10.9799
2855125.0 0.0 10.1472
2856225.0 0.0 10.1850
2857694.0 0.0 10.0508
2859866.0 0.0 10.5927
2861081.0 0.0 10.8568
2862056.0 0.0 10.1079
2862095.0 0.0 11.3669
2862161.0 0.0 11.0138
2862335.0 0.0 11.7694
2862382.0 0.0 10.4046
2862406.0 0.0 10.8115
2862644.0 0.0 11.7419
2862827.0 0.0 10.8131
2862959.0 0.0 12.7534
2863363.0 0.0 10.6105
2864204.0 0.0 12.0985
2864550.0 0.0 12.6442
2865756.0 0.0 10.8816
2865809.0 0.0 10.3589
2885001.0 0.0 11.7475
2885056.0 0.0 10.7787
2885211.0 0.0 10.7222
2885654.0 0.0 10.2725
2885781.0 0.0 10.2646
2886425.0 0.0 10.1167
2886730.0 0.0 10.0091
2887096.0 0.0 10.6851
2887114.0 0.0 10.5722
2887433.0 0.0 10.2017
2887544.0 0.0 10.8390
2887785.0 0.0 10.4176
2887850.0 0.0 11.2958
2888123.0 0.0 10.2017
2888234.0 0.0 10.9822
2888619.0 0.0 10.8327
2888666.0 0.0 10.6357


Program:
